<?xml version="1.0" encoding="UTF-8" standalone="no"?>
<!-- Created with Inkscape (http://www.inkscape.org/) -->

<svg
   width="210mm"
   height="297mm"
   viewBox="0 0 210 297"
   version="1.1"
   id="svg1"
   xml:space="preserve"
   inkscape:export-filename="bitmap.svg"
   inkscape:export-xdpi="96"
   inkscape:export-ydpi="96"
   xmlns:inkscape="http://www.inkscape.org/namespaces/inkscape"
   xmlns:sodipodi="http://sodipodi.sourceforge.net/DTD/sodipodi-0.dtd"
   xmlns="http://www.w3.org/2000/svg"
   xmlns:svg="http://www.w3.org/2000/svg"><sodipodi:namedview
     id="namedview1"
     pagecolor="#ffffff"
     bordercolor="#000000"
     borderopacity="0.25"
     inkscape:showpageshadow="2"
     inkscape:pageopacity="0.0"
     inkscape:pagecheckerboard="0"
     inkscape:deskcolor="#d1d1d1"
     inkscape:document-units="mm"
     inkscape:export-bgcolor="#ffffff00"><inkscape:page
       x="0"
       y="0"
       width="210"
       height="297"
       id="page2"
       margin="0"
       bleed="0" /></sodipodi:namedview><defs
     id="defs1" /><g
     inkscape:label="Layer 1"
     inkscape:groupmode="layer"
     id="layer1"><path
       style="fill:#000000;stroke-width:1.40302"
       d="m 115.68038,208.38177 c -1.11824,-1.50752 -1.34407,-2.78417 -0.70873,-4.00671 l 0.55214,-1.06245 -2.1433,1.2256 c -2.74021,1.56693 -7.42406,3.19784 -10.85075,3.77821 -4.163196,0.7051 -13.326196,0.30299 -16.440866,-0.72149 -3.53777,-1.16365 -6.385195,-2.62356 -8.80008,-4.51189 -6.35308,-4.96784 -10.550059,-14.44504 -10.020131,-22.62649 0.730695,-11.28118 9.852385,-22.19898 22.023811,-26.36043 l 1.89886,-0.64923 -1.96974,-0.0265 c -6.04672,-0.0815 -14.941072,-1.88772 -20.868731,-4.23773 -8.223923,-3.26036 -14.619504,-8.33583 -17.316802,-13.74245 -1.493768,-2.99419 -2.061229,-6.14763 -1.564065,-8.69156 0.436217,-2.23208 2.331778,-4.49862 4.687642,-5.60506 2.666509,-1.25233 7.653827,-1.57895 11.374436,-0.74494 l 2.380223,0.53355 -0.661716,-0.9542 c -2.018913,-2.91131 -3.957648,-6.63187 -4.911794,-9.42603 -0.911987,-2.67073 -1.08105,-3.76481 -1.07946,-6.98558 0.0014,-3.21752 0.130599,-4.047977 0.819279,-5.273706 3.251369,-5.786772 10.344581,-6.894159 18.717154,-2.922114 6.785714,3.219226 13.833274,9.62039 19.63482,17.83398 2.74933,3.89237 5.96485,9.26447 6.96635,11.63851 l 0.61372,1.45482 0.0195,-1.78873 c 0.0696,-6.38034 3.19681,-13.49655 7.87581,-17.92222 l 2.44167,-2.30948 -1.15718,-1.73105 c -6.24753,-9.345819 -6.60163,-19.161314 -0.90947,-25.209412 2.89685,-3.077986 7.08248,-3.946912 9.7178,-2.01739 1.86672,1.366772 2.6449,2.904706 2.3906,4.724673 -0.25422,1.819376 -1.02327,2.819542 -4.08434,5.311827 -5.29189,4.308567 -5.76809,6.277228 -3.10837,12.850342 0.5474,1.352813 1.20207,2.62441 1.45481,2.82577 0.31981,0.25479 1.36325,0.0187 3.43167,-0.77631 3.42735,-1.317402 7.59965,-2.114192 11.16586,-2.132378 l 2.48797,-0.01237 0.50193,-2.455001 c 0.58542,-2.863379 1.97246,-7.101029 3.10625,-9.49012 4.42092,-9.31568 15.07168,-16.309371 20.66568,-13.56987 2.40204,1.176331 3.52375,2.692437 3.52375,4.762729 0,3.17992 -1.45755,4.22773 -7.89738,5.677304 -5.00585,1.126783 -6.76408,2.260164 -9.39133,6.053768 -1.68988,2.44009 -4.50191,9.101964 -4.18092,9.904898 0.0881,0.22038 1.16121,0.794948 2.38472,1.27681 2.86149,1.127 4.65075,2.19394 7.81762,4.66164 4.58362,3.57167 7.86111,8.24146 10.09624,14.38522 0.64109,1.7622 1.65716,3.88988 2.25791,4.72814 1.56461,2.18321 2.3231,4.63376 2.3231,7.50554 0,4.89292 -2.10792,8.99598 -6.76879,13.17535 -3.0742,2.75662 -5.85346,4.39587 -10.02241,5.9113 -4.01524,1.45958 -4.04746,1.48332 -4.04746,2.9825 0,1.93698 0.51829,2.51302 3.18213,3.5367 3.22114,1.23784 6.03794,1.6154 10.64717,1.4271 l 3.78884,-0.15478 1.01456,1.24839 c 4.12466,5.07535 -5.83126,6.7461 -15.7269,2.63922 l -2.96815,-1.23183 -0.69961,1.50001 c -0.47513,1.01872 -0.58902,1.69834 -0.35498,2.11816 0.94792,1.70023 4.54624,4.89473 7.1451,6.34324 4.07435,2.27092 5.33839,3.5035 5.33839,5.2056 0,0.74999 -0.20461,1.56004 -0.45467,1.80009 -0.74922,0.7192 -3.06066,0.4961 -5.13361,-0.4955 -2.15174,-1.0293 -6.64058,-4.8456 -8.84177,-7.51708 l -1.41763,-1.72048 -1.14807,1.2552 -1.14807,1.25519 1.24863,3.55678 c 1.4717,4.19222 3.43546,8.36809 5.38091,11.44233 2.30473,3.64198 2.05546,5.38963 -0.76872,5.38963 -1.43933,0 -1.81935,-0.18253 -3.00664,-1.44405 -2.13968,-2.27347 -4.19823,-6.60658 -6.13907,-12.92225 -0.98992,-3.22131 -1.46006,-4.15439 -1.88681,-3.74474 -0.11886,0.1141 0.13332,0.75789 0.56059,1.43056 0.42722,0.67269 0.7774,1.83106 0.77819,2.57416 0.001,1.6241 -0.71476,2.10409 -3.14066,2.10409 h -1.67635 l -0.73674,1.91985 -0.73673,1.91983 0.96485,1.98998 c 1.89006,3.89817 1.44162,11.75108 -0.95482,16.71998 -1.3279,2.75334 -2.63835,4.00075 -4.20298,4.00075 -1.03831,0 -1.4195,-0.24613 -2.25238,-1.45426 -1.28839,-1.86888 -1.10497,-3.47249 0.74345,-6.49998 1.56087,-2.55652 2.52165,-5.38574 2.52165,-7.42556 v -1.42703 l -2.15122,2.85693 c -1.75226,2.32708 -2.37212,3.56518 -3.34231,6.67582 -1.35926,4.35805 -3.50923,9.00574 -4.69054,10.13971 -1.21019,1.1617 -3.20383,1.0415 -4.16257,-0.25096 z m -20.029946,-1.39842 c -0.25651,-0.0997 -0.76801,-0.10571 -1.13665,-0.0137 -0.36864,0.0922 -0.15877,0.17372 0.4664,0.18113 0.62516,0.007 0.92677,-0.068 0.67025,-0.16766 z m 23.212176,-1.49748 c -0.1064,-0.26619 -0.0481,-0.39777 0.12946,-0.29242 0.48858,0.28987 2.52591,-4.26284 3.64945,-8.15524 0.54853,-1.90036 1.25131,-3.86436 1.56173,-4.36445 l 0.5644,-0.90926 -0.78026,0.85862 c -0.50872,0.55982 -0.78026,0.67842 -0.78026,0.34083 0,-0.2848 0.53786,-0.99851 1.19525,-1.58604 0.65739,-0.58753 1.05091,-0.82272 0.87449,-0.52267 -0.28281,0.48098 -0.23998,0.48255 0.36184,0.0138 0.37762,-0.29446 0.50326,-0.58965 0.28118,-0.66071 -0.41264,-0.1321 1.09132,-2.68566 2.70329,-4.58999 l 0.89285,-1.05481 0.82385,1.27959 c 0.6543,1.01626 0.82383,1.8414 0.82383,4.00964 0,3.06842 -0.47949,4.62824 -2.69118,8.75443 -1.85383,3.45857 -1.8456,4.43263 0.0375,4.43263 1.20031,0 1.42073,-0.17063 2.34922,-1.81852 1.44592,-2.56624 2.32519,-6.3692 2.32519,-10.05672 0,-2.54279 -0.20443,-3.69128 -1.056,-5.93259 l -1.05601,-2.77938 0.70511,-2.07232 c 0.38781,-1.13979 0.65319,-2.52242 0.58974,-3.07252 -0.0918,-0.79536 0.0402,-1.00018 0.64427,-1.00018 0.41781,0 0.84401,0.13101 0.94715,0.29122 0.1031,0.16017 0.88042,0.33046 1.72734,0.37843 1.47461,0.0836 1.53983,0.0415 1.53983,-0.99072 0,-0.59286 -0.38362,-1.54119 -0.85248,-2.10737 -1.49749,-1.80833 -1.83613,-2.57217 -1.23803,-2.79249 0.28932,-0.10653 0.58233,-0.0316 0.65115,0.16656 0.0746,0.21505 0.7157,0.12344 1.58987,-0.22715 0.87484,-0.35089 1.60297,-0.45483 1.80792,-0.25809 0.18872,0.18117 0.99013,2.36095 1.78089,4.84396 2.0733,6.51028 3.62649,9.83254 5.49947,11.7632 2.84144,2.92899 3.44916,1.69826 1.03273,-2.09152 -2.78164,-4.36258 -5.56762,-11.04422 -6.05099,-14.5122 l -0.29006,-2.081 1.78947,-1.69193 c 1.92433,-1.81945 2.06412,-1.81813 3.68353,0.0346 3.67682,4.20668 8.9156,8.26402 11.71938,9.07645 0.71958,0.2085 0.85249,0.11024 0.85249,-0.63039 0,-1.07601 -0.55927,-1.55476 -4.12226,-3.52891 -3.04155,-1.68524 -5.1105,-3.33573 -6.89963,-5.50419 -1.80511,-2.1878 -1.92797,-3.10788 -0.73568,-5.50889 0.65591,-1.32088 0.8773,-2.12861 0.61377,-2.23944 -0.2267,-0.0953 0.18454,-0.12138 0.9139,-0.0579 0.72935,0.0635 2.67488,0.63648 4.32339,1.27326 6.73667,2.60222 13.48419,3.35925 13.48419,1.51287 0,-0.33675 0.18881,-0.79349 0.41957,-1.015 0.83075,-0.79747 -0.84133,-1.11829 -3.96001,-0.75981 -3.4727,0.39916 -7.61202,-0.24649 -11.40496,-1.77895 -3.76587,-1.52152 -3.80031,-1.5629 -3.87357,-4.65421 -0.0354,-1.48943 -0.19115,-2.90527 -0.34632,-3.14629 -0.19087,-0.29646 -0.0872,-0.36638 0.32073,-0.21613 0.74159,0.27317 2.94182,-0.44934 3.62256,-1.18958 0.27593,-0.30005 0.39374,-0.34097 0.2618,-0.0909 -0.26952,0.51074 -0.14292,0.55209 0.71886,0.23466 0.32843,-0.12096 0.50401,-0.3646 0.3902,-0.54139 -0.11385,-0.17678 0.04,-0.2305 0.34157,-0.11932 0.52107,0.19195 5.17411,-1.82019 5.17411,-2.23746 0,-0.10901 -0.19684,-0.0812 -0.43742,0.0614 -0.26488,0.15715 -0.33482,0.10007 -0.17731,-0.1445 0.14306,-0.22221 0.47268,-0.32572 0.73246,-0.23002 0.25979,0.0957 0.80845,-0.0873 1.21924,-0.40656 0.41079,-0.31931 0.50743,-0.4613 0.21475,-0.31553 -0.35289,0.17574 -0.43979,0.12152 -0.25799,-0.16082 0.15079,-0.23421 0.41285,-0.34356 0.58234,-0.24301 0.47554,0.28213 2.33175,-1.26927 2.0473,-1.71109 -0.13948,-0.21655 -0.0758,-0.28642 0.14291,-0.15674 0.42906,0.25456 1.36551,-0.60555 1.02019,-0.93703 -0.11628,-0.11162 -0.003,-0.3264 0.25126,-0.47735 0.29564,-0.17539 0.36505,-0.12289 0.19229,0.14542 -0.14868,0.23095 -0.18364,0.41991 -0.0776,0.41991 0.48622,0 3.62188,-4.73008 4.16751,-6.2866 1.31382,-3.748 0.62243,-8.17526 -1.85816,-11.8986 -0.59972,-0.90016 -1.542,-2.86416 -2.09394,-4.36444 -1.33776,-3.63627 -2.99999,-6.79259 -4.82848,-9.16856 -3.12111,-4.0556 -8.88307,-8.14456 -13.53191,-9.60289 -1.04192,-0.32685 -2.03486,-0.717145 -2.20652,-0.867337 -0.43168,-0.377706 2.48618,-8.336982 3.97852,-10.852498 0.67221,-1.133106 2.07882,-2.960372 3.12579,-4.060584 1.63432,-1.717406 1.69053,-1.820297 0.39733,-0.727399 l -1.50627,1.272962 1.27715,-1.335617 c 0.81468,-0.851967 1.48888,-1.25762 1.86186,-1.120226 0.41537,0.15301 0.49489,0.07588 0.27457,-0.266321 -0.19697,-0.305937 -0.163,-0.394422 0.0931,-0.242484 0.57172,0.339176 1.65318,-0.126604 1.35812,-0.58485 -0.13619,-0.211404 -0.0659,-0.275008 0.15749,-0.142521 0.60257,0.357499 7.25573,-1.181315 8.99646,-2.080789 1.29164,-0.667424 1.53271,-0.980702 1.63177,-2.120507 0.45297,-5.211932 -6.08017,-5.578032 -12.44032,-0.697122 -5.87373,4.507625 -9.40137,10.565297 -11.35659,19.501549 l -0.63663,2.909635 -4.1334,0.23025 c -4.56897,0.254527 -8.4436,1.186159 -12.02273,2.890789 -1.2579,0.59911 -2.50438,1.00924 -2.76993,0.91142 -0.69116,-0.25459 -3.77014,-6.585887 -4.31144,-8.865568 -0.65567,-2.761382 0.33519,-6.196895 2.41711,-8.380465 0.4445,-0.466191 0.72292,-0.941593 0.61873,-1.05643 -0.10425,-0.114918 0.13403,-0.254388 0.52947,-0.310102 0.3954,-0.05567 0.99213,-0.389666 1.32609,-0.742148 0.56311,-0.594348 0.55904,-0.606088 -0.0558,-0.161629 -0.94069,0.679919 -0.82361,0.274403 0.15986,-0.553646 0.45258,-0.381074 0.69827,-0.488268 0.54597,-0.238223 -0.4228,0.694078 0.32648,0.541219 1.03598,-0.211363 0.34533,-0.366297 0.49963,-0.801711 0.34288,-0.967573 -0.15673,-0.165863 -0.0905,-0.194909 0.14718,-0.06447 0.7223,0.396181 1.716,-1.46919 1.4947,-2.805865 -0.31043,-1.87501 -0.56092,-2.271255 -1.86052,-2.943095 -1.76855,-0.914264 -3.97556,-0.258386 -6.3724,1.893748 -2.83278,2.543569 -4.22046,5.617266 -4.42005,9.790377 -0.22788,4.764271 1.0565,8.394775 4.89796,13.844832 1.01742,1.44346 1.84986,2.72351 1.84986,2.84456 0,0.1211 -1.41525,1.5587 -3.14498,3.19479 -5.38147,5.09008 -7.87158,11.22458 -7.88793,19.4323 -0.01,5.26524 -0.39594,5.64965 -2.00579,2.00036 -2.83162,-6.41889 -7.430116,-13.99077 -12.017026,-19.78723 -2.5211,-3.18592 -8.62408,-8.76631 -11.6961,-10.694585 -7.717305,-4.844079 -14.591892,-5.4293 -18.598501,-1.583229 -4.579884,4.396394 -2.77686,14.436594 4.087417,22.760884 1.503749,1.82361 1.692015,3.21091 0.397639,2.9302 -5.712486,-1.23886 -7.142744,-1.425 -9.810371,-1.27676 -3.6454,0.20257 -5.977765,1.26955 -7.659412,3.50392 -1.089298,1.44733 -1.190297,1.81969 -1.190297,4.38792 0,2.47701 0.148613,3.07854 1.266294,5.12533 4.151241,7.6021 16.254382,14.11851 30.749471,16.55571 5.47584,0.92072 12.65632,0.78391 21.312256,-0.40602 l 1.7997,-0.24741 v 1.09601 c 0,0.60281 -0.21312,1.25938 -0.4736,1.45906 -0.26049,0.19966 -2.51959,0.45268 -5.02023,0.56225 -6.620056,0.29007 -12.222216,2.07955 -17.997026,5.74869 -2.907069,1.84708 -7.537039,6.04451 -7.80723,7.07786 -0.123868,0.47361 -0.335963,0.82567 -0.471402,0.78233 -0.135468,-0.0433 -0.274329,0.0665 -0.308626,0.24424 -0.03437,0.17767 -0.224366,0.42317 -0.422384,0.54555 -1.094726,0.67659 -4.582519,8.04215 -3.808176,8.04215 0.237641,0 0.107257,0.34451 -0.289695,0.76559 -0.639705,0.67856 -0.71775,1.32984 -0.686389,5.72834 0.03136,4.39187 0.150361,5.27112 1.034939,7.64357 0.549762,1.47445 1.625842,3.75585 2.391307,5.06976 2.196324,3.77005 8.809708,9.6793 10.025452,8.95803 0.313394,-0.18593 0.360784,-0.11945 0.149158,0.20922 -0.227073,0.35269 -0.136041,0.41756 0.340016,0.24221 0.3576,-0.13169 0.55626,-0.0936 0.44149,0.0847 -0.11485,0.17826 0.30847,0.49716 0.94051,0.70866 0.68126,0.22798 1.05766,0.2424 0.9244,0.0355 -0.28262,-0.43898 -0.0938,-0.43793 1.12307,0.007 2.71816,0.99203 10.29009,1.29851 14.484186,0.58626 3.93808,-0.66878 9.04666,-2.51146 10.09174,-3.64012 0.38534,-0.41616 0.59151,-0.5508 0.45814,-0.29922 -0.26034,0.49113 2.87646,-1.08958 4.47483,-2.25499 0.53291,-0.38854 0.88382,-0.83864 0.7798,-1.00018 -0.10396,-0.16156 0.13547,-0.29373 0.53229,-0.29373 0.39678,0 1.03546,-0.33312 1.41928,-0.74024 0.38382,-0.40714 0.9306,-0.6545 1.21506,-0.54973 0.28445,0.10475 0.41302,0.0287 0.28571,-0.16902 -0.12731,-0.19774 0.0289,-0.35954 0.3473,-0.35954 0.35884,0 0.49592,0.20734 0.36073,0.54555 -0.12001,0.30007 -0.35011,0.54556 -0.51147,0.54556 -0.16135,0 -0.47848,0.70571 -0.70474,1.56825 -0.22625,0.86252 -0.86854,2.21278 -1.42729,3.00055 -2.26399,3.19193 -2.38266,4.65944 -0.40237,4.9755 0.93127,0.14862 1.88842,-0.72747 1.59545,-1.46034 z m -29.376256,-0.98906 c -3.58059,-0.59008 -6.24018,-1.60498 -9.428153,-3.5978 -2.785231,-1.74107 -6.03912,-4.87492 -7.051677,-6.79154 -0.363744,-0.68852 -0.86907,-1.49737 -1.122922,-1.79742 -1.260552,-1.48992 -2.531428,-7.51111 -2.43872,-11.55417 0.07117,-3.10185 0.497264,-4.87297 2.076752,-8.63139 0.504395,-1.20022 0.916598,-2.3868 0.915997,-2.63685 -6.02e-4,-0.25004 0.167272,-0.45463 0.373037,-0.45463 0.323934,0 0.798558,-0.59505 2.846398,-3.5686 0.208385,-0.3026 0.677253,-0.85094 1.041927,-1.21856 0.364675,-0.36762 0.663048,-0.83206 0.663048,-1.0321 0,-0.20005 0.172914,-0.36371 0.384235,-0.36371 0.211336,0 1.32621,-0.7365 2.477494,-1.63666 1.151289,-0.90018 2.308784,-1.63667 2.572194,-1.63667 0.26342,0 1.15191,-0.46703 1.97441,-1.03785 4.95481,-3.43865 20.309056,-6.19318 20.474336,-3.67306 0.13031,1.98663 1.44276,5.11873 3.05195,7.28321 l 1.23639,1.66305 -1.97206,2.01742 c -4.33103,4.43066 -5.95034,7.2132 -5.95034,10.22476 0,1.07257 0.10583,2.05172 0.23519,2.17589 0.28867,0.27711 0.35017,8.00117 0.0674,8.46966 -0.23449,0.38855 -1.1735,3.05631 -1.28094,3.63924 -0.0398,0.21617 -0.773766,1.58107 -1.630926,3.03311 -1.72009,2.91386 -1.82867,3.36174 -0.97905,4.03862 0.4805,0.38279 0.73729,0.31926 1.50387,-0.37204 0.508426,-0.45851 0.818086,-0.99882 0.688116,-1.20069 -0.13103,-0.20352 -0.0487,-0.25569 0.18499,-0.11711 0.35432,0.21022 1.63397,-1.50491 1.59356,-2.13585 -0.007,-0.10309 0.24297,-0.7732 0.55462,-1.48917 0.31164,-0.71599 0.7346,-1.9018 0.93992,-2.63512 0.37069,-1.32394 0.53625,-6.88052 0.2673,-8.97112 -0.0772,-0.60011 -0.26936,-2.08975 -0.42704,-3.31033 -0.23581,-1.82554 -0.15507,-2.50297 0.45514,-3.81888 0.64204,-1.38454 2.08387,-3.69743 3.03777,-4.87302 2.01925,-2.4885 3.29822,-3.81888 3.67129,-3.81888 0.24997,0 1.15165,0.57284 2.00373,1.27296 0.85209,0.70013 1.73803,1.27296 1.96875,1.27296 0.64854,0 2.68056,5.21497 2.68056,6.8794 0,0.3371 0.15951,0.76839 0.35448,0.95842 0.63306,0.61704 3.09617,7.5484 3.64536,10.25829 0.73786,3.64094 0.28392,8.81798 -0.77322,8.81798 -0.30126,0 -0.73026,0.32733 -0.95331,0.72741 -0.22305,0.40007 -0.69792,0.72992 -1.05526,0.73297 -0.55801,0.004 -0.56949,0.0554 -0.0813,0.35814 0.31258,0.19391 0.48307,0.36759 0.37888,0.38596 -0.10425,0.0184 -0.47706,0.0867 -0.82857,0.15187 -0.35153,0.0651 -1.02305,0.4618 -1.49227,0.88144 -0.46922,0.41962 -1.00972,0.76296 -1.20111,0.76296 -0.19138,0 -0.25461,0.23352 -0.14047,0.51896 0.11413,0.28543 -0.07,0.73551 -0.4093,1.00018 -0.53198,0.41508 -0.58258,0.39374 -0.36826,-0.15526 0.2651,-0.67902 -0.27831,-0.88881 -0.68123,-0.26301 -0.30749,0.47763 -5.64343,3.05761 -8.28858,4.00763 -4.78724,1.71937 -10.299446,2.1596 -15.764296,1.25898 z m 9.47211,-0.56301 c 7.123436,-1.07886 13.713946,-4.37763 19.228396,-9.62446 l 2.36804,-2.2531 -0.003,-3.0555 -0.003,-3.05551 -4.07055,-0.0504 c -3.77348,-0.0467 -5.2249,-0.29263 -10.60629,-1.7965 -0.78285,-0.21877 -0.8525,-0.12001 -0.8525,1.20936 0,2.31799 -0.65124,4.98883 -1.94238,7.96604 -2.02488,4.66908 -4.164726,6.26732 -6.014196,4.49194 -1.03333,-0.99193 -0.96198,-1.54349 0.51199,-3.95768 1.87835,-3.07651 3.253076,-6.62836 3.522236,-9.10031 0.23506,-2.15891 0.22392,-2.19266 -0.8561,-2.59254 -3.799316,-1.40671 -8.756176,-4.45549 -11.925406,-7.33488 -3.70742,-3.36836 -6.305391,-8.66481 -5.89651,-12.02107 0.11571,-0.95019 0.0634,-1.7276 -0.11642,-1.7276 -0.651221,0 -5.453346,4.59843 -7.026576,6.72852 -4.940177,6.68879 -6.189187,13.28982 -3.922637,20.73112 1.018199,3.34285 2.656615,6.07256 5.172906,8.61843 5.367954,5.431 14.096417,8.08648 22.430957,6.8242 z M 118.7552,185.16624 c 1.74639,-0.27709 1.86289,-0.83811 0.18944,-0.91216 -1.14611,-0.0507 -1.15923,-0.065 -0.18944,-0.20602 0.57306,-0.0833 1.03981,-0.34522 1.03721,-0.58199 -0.003,-0.23675 -0.57353,-1.97558 -1.26877,-3.86406 l -1.26406,-3.43359 -2.6148,-0.8366 c -3.24146,-1.0371 -5.14246,-1.7788 -7.39081,-2.88361 l -1.74494,-0.85744 -0.60114,1.35797 c -1.02636,2.31854 -1.09149,2.92027 -0.61992,5.72644 0.29774,1.77178 0.63039,2.72376 0.95171,2.72376 0.2717,0 0.61065,0.1812 0.75324,0.40267 0.17596,0.2733 -0.01,0.32067 -0.57849,0.14744 -0.73616,-0.2243 -0.79057,-0.17065 -0.44873,0.44249 0.42141,0.75587 3.11195,1.64011 7.44318,2.44619 3.07784,0.57281 4.38132,0.64029 6.34632,0.32851 z m -6.15688,-1.22137 c -0.43245,-0.26827 -0.27927,-0.3539 0.64068,-0.35814 0.66496,-0.003 1.31439,0.15809 1.44319,0.35814 0.30012,0.46615 -1.33244,0.46615 -2.08387,0 z m -11.63758,-6.2739 c -0.18356,-3.61259 -0.15406,-3.79186 0.95335,-5.79295 l 1.14279,-2.06498 -1.57561,-0.98845 c -2.242016,-1.40655 -5.337036,-4.45141 -6.257816,-6.1564 -0.97856,-1.81199 -1.44218,-5.23377 -0.85244,-6.29155 0.4251,-0.76251 0.41459,-0.76443 -1.37564,-0.25225 -3.40344,0.97374 -6.24203,2.18015 -7.24312,3.07835 -0.55108,0.49445 -1.21508,0.85553 -1.47556,0.8024 -0.48829,-0.0997 -0.51027,-0.0573 -0.65808,1.26716 -0.0483,0.43248 -0.19228,1.04779 -0.32004,1.36738 -0.57667,1.44256 1.44615,7.09297 3.17811,8.87753 0.405,0.4173 0.73636,0.90935 0.73636,1.09345 0,1.32777 11.36687,8.6086 13.693746,8.77127 0.13389,0.01 0.15812,-1.66058 0.054,-3.71096 z m -2.429486,1.63667 c -0.47129,-0.57686 -0.45788,-0.58971 0.14306,-0.13732 0.36467,0.27454 0.66305,0.56096 0.66305,0.63648 0,0.29934 -0.31114,0.10667 -0.80611,-0.49916 z m -4.83578,-2.45853 c -0.91496,-0.69819 -1.53957,-1.26943 -1.38802,-1.26943 0.29707,0 3.61993,2.22666 3.61993,2.42572 0,0.36275 -0.7513,-0.0265 -2.23191,-1.15629 z m -5.49565,-4.62016 -0.7088,-1.19557 0.85295,0.78045 c 0.46912,0.42924 0.78809,0.96726 0.7088,1.19557 -0.0793,0.22832 -0.46311,-0.12289 -0.85295,-0.78045 z m -2.74117,-3.80729 c 0.13819,-0.23623 0.0779,-0.5323 -0.13389,-0.65795 -0.21178,-0.12565 -0.38401,-0.58704 -0.38274,-1.02531 10e-4,-0.7048 0.069,-0.67413 0.57942,0.26541 0.44014,0.81018 0.47135,1.15543 0.13146,1.45481 -0.32287,0.28445 -0.37639,0.27428 -0.19435,-0.037 z m -1.04671,-3.23729 c -0.34437,-0.86144 -0.27719,-4.51655 0.0831,-4.51655 0.17215,0 0.313,1.14567 0.313,2.54593 0,1.40025 -0.0374,2.54593 -0.0831,2.54593 -0.0457,0 -0.1865,-0.25889 -0.31299,-0.57531 z m 32.491126,9.48605 c -0.12,-0.30006 -0.63124,-0.54555 -1.13618,-0.54555 -0.97298,0 -4.4054,-1.26443 -7.48455,-2.75714 -1.01928,-0.49411 -1.93146,-0.82329 -2.02708,-0.73149 -0.33182,0.31853 0.31953,0.92589 1.52837,1.42516 0.6684,0.27607 2.06777,0.85665 3.1097,1.2902 1.95711,0.81434 4.95616,1.76534 5.76611,1.82842 0.26034,0.0202 0.3666,-0.20199 0.24363,-0.5096 z m -0.89479,-1.40909 c 0,-0.2749 -0.24903,-1.17735 -0.55338,-2.00544 -0.5663,-1.54078 -0.58327,-1.60508 -0.58327,-2.2111 0,-0.41908 -3.8743,-3.28511 -4.44081,-3.28511 -0.21651,0 -1.11128,0.91241 -1.98838,2.02756 -2.00381,2.54768 -2.42284,2.17008 6.23975,5.62267 1.09707,0.43726 1.32609,0.41159 1.32609,-0.14858 z m -12.32583,-4.20956 c 0.12215,-0.18972 -0.7394,-1.02676 -1.91454,-1.8601 -2.669366,-1.89298 -4.919286,-4.10111 -5.888936,-5.77956 -0.74054,-1.28188 -0.74371,-1.28311 -0.51406,-0.19873 0.34511,1.62961 3.14277,4.88228 5.695146,6.62143 2.61083,1.77898 2.34113,1.65381 2.62239,1.21696 z m 4.20756,-5.83802 c -0.86061,-1.01372 -2.77344,-5.28885 -3.03738,-6.78849 -0.23833,-1.35413 -0.38229,-1.50823 -1.58389,-1.6954 -1.57455,-0.24529 -5.082686,0.0873 -5.683066,0.53866 -0.23408,0.176 -0.70294,0.21783 -1.04194,0.0929 -0.35203,-0.12963 -0.61635,-0.0452 -0.61635,0.19704 0,0.23324 -0.1511,0.33443 -0.3358,0.22486 -0.42575,-0.25259 -0.79687,1.05144 -0.76905,2.70222 0.0163,0.96534 0.0908,1.10301 0.30836,0.5697 0.32207,-0.78949 0.5673,-0.52225 0.95875,1.04478 0.49448,1.97955 2.85479,4.60566 6.197626,6.8956 l 1.78614,1.22354 2.13988,-2.22997 c 1.77596,-1.8507 2.06111,-2.32273 1.67672,-2.77549 z m 15.55257,23.93464 c -0.11184,-1.06181 -0.18763,-2.17607 -0.16832,-2.47612 0.0531,-0.82516 -1.19289,-4.66961 -2.20264,-6.79614 -1.02869,-2.16641 -1.13029,-2.79754 -0.28186,-1.7509 0.7797,0.96187 2.27291,4.17828 2.59669,5.59333 0.14177,0.61977 0.39668,1.20922 0.56638,1.30992 0.16971,0.10062 1.07054,-0.14051 2.00185,-0.53597 1.43213,-0.60811 1.81833,-1.00781 2.50393,-2.59147 0.44586,-1.02984 0.81063,-2.19608 0.81063,-2.59162 0,-0.66608 -0.18884,-0.70373 -2.55746,-0.50994 -3.05305,0.24981 -5.39912,-0.0466 -5.39912,-0.68207 0,-0.35525 0.36782,-0.37878 1.61026,-0.1031 0.88565,0.19654 2.83269,0.25534 4.32676,0.13073 1.49407,-0.12468 2.80904,-0.0829 2.92215,0.0928 0.45756,0.71069 -0.9781,4.37869 -3.93645,10.05734 -1.69789,3.25916 -2.51306,3.50821 -2.7928,0.85328 z m 2.06384,-1.47593 c 0.30829,-0.51702 0.2348,-0.63648 -0.39157,-0.63648 -0.61857,0 -0.76996,0.23383 -0.76531,1.18203 0.006,1.2115 0.14953,1.14379 1.15688,-0.54555 z m 1.04878,-2.32684 c 1.21596,-0.75535 0.80619,-0.99508 -0.54482,-0.31877 -0.60407,0.30241 -1.30136,0.55084 -1.54956,0.55207 -0.24818,10e-4 -0.57198,0.18978 -0.71955,0.41898 -0.3564,0.55357 1.6045,0.099 2.81393,-0.65228 z m -5.55924,-8.0641 c -1.12815,-0.10378 -1.36216,-0.32955 -2.17859,-2.10167 -1.5786,-3.42648 -1.09574,-3.95476 2.35617,-2.57777 1.22265,0.48772 3.00852,0.9954 3.96859,1.12816 1.83504,0.25375 4.88489,2.08479 4.88489,2.93273 0,0.26135 -0.26969,0.57452 -0.59931,0.69594 -0.93989,0.34622 -2.43178,0.25853 -2.43178,-0.14293 0,-0.20005 0.45816,-0.36371 1.0181,-0.36371 h 1.0181 l -1.04724,-1.0493 c -0.7728,-0.7743 -1.66022,-1.16152 -3.38614,-1.4775 -1.28638,-0.23553 -3.23392,-0.74302 -4.32787,-1.12778 -1.83523,-0.64547 -1.96114,-0.65075 -1.62861,-0.0682 0.1982,0.34723 0.63885,1.23504 0.9792,1.97291 0.57874,1.25465 0.75788,1.35937 2.76527,1.61629 1.18054,0.15108 2.36083,0.23551 2.62286,0.18759 0.26203,-0.0478 0.77352,0.0859 1.13665,0.29742 0.64733,0.37698 -1.54012,0.41005 -5.15029,0.0778 z m 12.22987,-0.58137 c -0.40418,-0.2837 -0.63464,-0.61204 -0.51213,-0.72964 0.12244,-0.11767 0.53229,0.11451 0.91063,0.51583 0.80491,0.85378 0.6396,0.94247 -0.3985,0.21381 z m 1.88014,-0.30251 -0.72178,-0.81833 0.85249,0.69285 c 0.46887,0.38106 0.85249,0.74931 0.85249,0.81833 0,0.29105 -0.30492,0.0761 -0.9832,-0.69285 z m -4.13946,-3.0132 c -1.45446,-1.28201 -2.76875,-2.33554 -2.92066,-2.34118 -0.15189,-0.005 -1.04701,-1.11325 -1.98914,-2.46136 -0.94213,-1.34813 -1.71297,-2.27493 -1.71297,-2.05958 0,0.21533 0.65671,1.27743 1.45936,2.36018 2.16007,2.91392 2.6788,4.1172 1.00545,2.33236 -1.57476,-1.67971 -4.36197,-6.94486 -4.35342,-8.22381 0.004,-0.70427 0.0786,-0.76548 0.39039,-0.32323 0.28172,0.39963 0.31606,0.26351 0.12831,-0.50888 -0.45528,-1.87368 0.52059,-0.70678 1.15169,1.37716 1.0051,3.31889 3.94364,6.97415 8.74307,10.87551 0.62515,0.50818 1.04793,1.00942 0.93948,1.11385 -0.1084,0.10447 -1.38717,-0.85902 -2.84163,-2.14102 z m -7.5006,-9.69371 c -0.12101,-0.29013 -0.21072,-0.20395 -0.22891,0.21974 -0.0165,0.38341 0.0732,0.59822 0.19899,0.47736 0.12588,-0.12082 0.13934,-0.43454 0.0299,-0.6971 z m 5.98391,10.37138 -1.50667,-1.29176 1.51555,1.01229 c 1.94837,1.3014 1.85837,1.22511 1.66452,1.41118 -0.0917,0.088 -0.84474,-0.42124 -1.6734,-1.13171 z m -5.6744,-2.1044 c -0.20838,-0.0599 -1.14613,-0.32979 -2.08387,-0.59966 -3.00205,-0.86396 -4.91831,-2.08481 -4.9832,-3.17484 -0.0318,-0.533 -0.0974,-1.13276 -0.14575,-1.3328 -0.0484,-0.20003 -0.11285,-1.91854 -0.14325,-3.81888 -0.0689,-4.31361 -0.73198,-3.70233 -1.10757,1.0211 -0.19406,2.44072 -0.38439,3.17772 -0.84233,3.26173 -1.08856,0.1997 -4.81363,-3.47515 -6.13317,-6.05046 -1.1135,-2.17321 -1.2318,-2.71894 -1.2318,-5.68286 0,-2.73114 0.15277,-3.57673 0.91464,-5.06259 0.94099,-1.83518 4.89437,-5.85196 6.13019,-6.22847 0.48602,-0.14809 1.46258,0.41319 3.24648,1.86589 5.86514,4.77619 14.93083,7.28445 23.01892,6.36878 5.6172,-0.63593 5.37726,-0.69487 5.914,1.45289 0.81882,3.27645 -0.0644,7.63213 -2.1811,10.75567 -2.38479,3.51923 -5.34359,5.50785 -9.95286,6.68936 l -2.46275,0.63127 -1.26825,-1.1469 c -2.92832,-2.64812 -5.26636,-6.53773 -6.72996,-11.1961 -0.29099,-0.9262 -0.80384,-1.9029 -1.13964,-2.17043 -0.52291,-0.41658 -0.71313,-0.36483 -1.32491,0.36043 -0.39288,0.46575 -0.7134,1.36061 -0.71224,1.98856 0.004,2.48437 1.79594,7.24989 3.66028,9.73752 0.69471,0.92696 1.26312,1.86805 1.26312,2.0913 0,0.37747 -0.82326,0.49311 -1.70498,0.23949 z m -0.0756,-1.15525 c 0.13203,-0.12688 -0.0818,-0.62345 -0.47525,-1.10365 -1.34872,-1.64593 -3.09073,-6.27928 -3.30501,-8.79057 -0.18077,-2.1185 -0.10282,-2.54872 0.62066,-3.4232 1.68724,-2.03956 2.92458,-1.10183 4.51836,3.42428 1.21252,3.44339 2.3598,5.37831 4.89243,8.25118 1.67393,1.89883 1.75368,1.94061 3.26395,1.70975 3.52106,-0.53819 8.43021,-3.74114 10.59499,-6.91263 1.08732,-1.59299 1.77159,-4.34171 1.85631,-7.45696 0.0988,-3.6304 -0.267,-4.11361 -2.7572,-3.64302 -2.75356,0.52035 -10.53197,0.40337 -13.19103,-0.19838 -2.87269,-0.65011 -8.37612,-2.79204 -10.04488,-3.90945 -0.66118,-0.44274 -2.09782,-1.51524 -3.19251,-2.38334 l -1.99035,-1.57837 -2.42607,2.23629 c -3.19634,2.94631 -4.19297,5.04189 -4.16155,8.75041 0.0288,3.3892 1.20068,6.10874 3.59281,8.33722 2.81399,2.62145 2.85406,2.60925 3.11569,-0.9495 0.23863,-3.24601 0.62929,-4.13174 1.82235,-4.13174 0.62539,0 0.71171,0.29676 0.71407,2.45501 0.001,1.35024 0.11227,3.56893 0.24622,4.93041 0.23676,2.40663 0.28275,2.49462 1.65537,3.16682 0.77652,0.38028 1.5101,0.59712 1.63017,0.48185 0.12015,-0.11519 0.49436,0.0554 0.83175,0.37929 0.62096,0.59608 1.7487,0.78069 2.18872,0.3583 z m -12.61707,-21.59168 c 0,-0.20004 0.18055,-0.36371 0.40123,-0.36371 0.22069,0 0.29588,0.16367 0.16709,0.36371 -0.12874,0.20004 -0.30936,0.3637 -0.40125,0.3637 -0.0919,0 -0.16707,-0.16366 -0.16707,-0.3637 z m 10.82964,12.41474 c -0.16322,-0.2535 -0.19443,-0.55913 -0.0693,-0.67918 0.33909,-0.32551 0.7088,0.15323 0.52566,0.68065 -0.1283,0.36958 -0.21759,0.36929 -0.45629,-0.001 z m 0.72635,-1.50363 c -0.1422,-0.43023 -0.17339,-0.86406 -0.0692,-0.96408 0.10425,-0.10007 0.30583,0.17015 0.44807,0.60039 0.1422,0.43021 0.17339,0.86405 0.0692,0.96406 -0.10425,0.10008 -0.30583,-0.17015 -0.44807,-0.60037 z m -0.9173,-0.57587 c 0.0182,-0.42369 0.10797,-0.50986 0.2289,-0.21973 0.10941,0.26255 0.096,0.57624 -0.0299,0.6971 -0.12587,0.12083 -0.21544,-0.094 -0.19899,-0.47737 z m -39.244486,-8.55079 c -4.042259,-0.67518 -6.180459,-1.14401 -9.282684,-2.03537 -1.771277,-0.50895 -3.391019,-0.95379 -3.599404,-0.98856 -0.719397,-0.12 -6.935533,-3.09871 -8.39111,-4.02095 -9.083972,-5.75543 -12.488265,-13.17808 -8.076427,-17.60968 1.753119,-1.76095 3.475349,-2.27807 7.500889,-2.25223 3.705058,0.0238 6.071862,0.47851 10.48065,2.01357 1.457753,0.50755 2.94956,0.92283 3.315136,0.92283 0.365592,0 0.664695,0.23455 0.664695,0.52122 0,0.28665 0.80987,1.1459 1.799701,1.90944 0.989846,0.76352 1.970197,1.57425 2.178597,1.80159 0.657815,0.71769 9.491057,6.31516 9.965797,6.31516 0.24944,0 0.45353,0.12784 0.45353,0.28397 0,0.15619 0.46887,0.48016 1.04193,0.71994 0.57306,0.23979 1.63867,0.79404 2.36803,1.23165 2.33817,1.40293 8.429756,4.34183 8.620306,4.1589 0.10139,-0.0973 0.41528,0.045 0.69766,0.31599 0.28238,0.27106 1.71131,0.93224 3.17542,1.46929 1.46409,0.53704 2.662,1.1825 2.662,1.43433 0,0.80614 -1.13457,2.67327 -1.7657,2.90575 -2.98438,1.09933 -18.997746,1.70678 -23.809016,0.90316 z m 20.211316,-1.18885 c 2.81046,-0.42828 3.82085,-0.8854 3.84206,-1.73821 0.003,-0.12839 -0.46308,-0.35311 -1.03614,-0.49948 -0.57306,-0.14636 -0.82212,-0.34355 -0.55346,-0.43819 0.26868,-0.0946 -1.43631,-1.0245 -3.78884,-2.06634 -8.904836,-3.94362 -20.315369,-10.71152 -25.333828,-15.02622 -2.503991,-2.15285 -3.993348,-2.84956 -9.254266,-4.32913 -3.225063,-0.90701 -9.022538,-0.90381 -10.779695,0.005 -2.398323,1.24171 -3.428494,2.7362 -3.428494,4.97376 0,6.70904 7.893488,13.23981 20.838663,17.24109 6.689809,2.06778 12.121504,2.76172 19.891454,2.54127 3.54256,-0.10048 7.863706,-0.39953 9.602546,-0.66452 z m 0.24846,-1.88224 c -1.5006,-0.49836 -1.50248,-0.50124 -0.18946,-0.294 0.72937,0.11505 1.58185,0.34921 1.89443,0.52021 0.8342,0.45635 0.0282,0.34942 -1.70497,-0.22621 z m -3.599416,-1.1055 -0.9472,-0.54783 0.9472,0.24101 c 0.52098,0.13251 1.202966,0.37991 1.515546,0.54967 0.50517,0.27435 0.50517,0.30844 0,0.30682 -0.31258,-0.001 -0.994566,-0.24835 -1.515546,-0.54967 z m 3.409956,-0.17525 c 0,-0.21185 0.17051,-0.28402 0.3789,-0.1604 0.20838,0.12358 0.37888,0.29697 0.37888,0.38518 0,0.0882 -0.1705,0.16039 -0.37888,0.16039 -0.20839,0 -0.3789,-0.17333 -0.3789,-0.38517 z m -1.32609,-0.34225 c -0.12874,-0.20003 -0.0637,-0.36369 0.14472,-0.36369 0.20838,0 0.48426,0.16366 0.61305,0.36369 0.12874,0.20004 0.0637,0.3637 -0.14472,0.3637 -0.20838,0 -0.48426,-0.16366 -0.61305,-0.3637 z m -26.613412,-0.19187 c 0.158079,-0.16461 1.436817,-0.58353 2.841643,-0.93095 1.404827,-0.34741 2.286951,-0.64607 1.960282,-0.66368 -0.326684,-0.0176 -1.856476,0.28617 -3.399562,0.67506 -3.566554,0.89886 -3.906211,0.67725 -0.506801,-0.33065 4.03868,-1.19744 9.236374,-1.81861 9.236374,-1.10383 0,0.20004 -1.06561,0.38002 -2.36804,0.39996 -1.69678,0.026 -2.099532,0.11424 -1.420818,0.31148 l 0.947214,0.27524 -0.947214,0.21729 c -0.520964,0.11946 -1.799702,0.38547 -2.841624,0.59105 -1.041941,0.20558 -2.320665,0.4828 -2.841643,0.61604 -0.520964,0.1332 -0.817876,0.10763 -0.659811,-0.0571 z m 20.930146,-0.17182 c -0.96549,-0.39826 0.0306,-0.39826 1.32609,0 0.76147,0.23408 0.79862,0.29329 0.18945,0.30188 -0.41678,0.005 -1.09877,-0.1299 -1.51554,-0.30188 z m -3.40996,-0.72742 c -0.49964,-0.20609 -0.56418,-0.31938 -0.18944,-0.33256 0.31258,-0.011 0.82407,0.13866 1.13665,0.33256 0.69259,0.42966 0.0944,0.42966 -0.94721,0 z m 2.94317,-1.22923 c -1.92383,-0.85994 -4.38287,-2.12174 -5.46452,-2.80401 -4.77243,-3.01022 -6.89431,-4.17425 -11.876262,-6.51513 -5.417951,-2.54573 -10.200048,-4.2682 -14.587069,-5.2541 -2.83192,-0.63641 -5.304393,-0.72987 -5.304393,-0.2005 0,0.20005 -0.639362,0.3474 -1.420822,0.32745 -1.268012,-0.0323 -1.318949,-0.0675 -0.473607,-0.32745 l 0.947214,-0.29119 -0.947214,-0.0592 -0.9472,-0.0592 0.9413,-0.36047 c 1.188565,-0.45515 5.012321,-0.0955 8.720256,0.82016 7.001077,1.72892 19.162547,7.23779 24.438077,11.06986 0.62515,0.4541 3.26788,1.81771 5.87271,3.03021 2.60483,1.21251 4.4803,2.20067 4.16772,2.19593 -0.31258,-0.004 -2.14237,-0.71221 -4.06619,-1.57215 z m -10.49385,0.45987 c 0.11399,-0.17696 0.49546,-0.32425 0.84783,-0.32732 0.55552,-0.005 0.56514,-0.0559 0.0723,-0.38431 -0.40934,-0.27279 0.10568,-0.32796 1.84106,-0.19721 1.32514,0.0998 2.51864,0.29381 2.65218,0.43104 0.13361,0.13719 -0.69492,0.17077 -1.84104,0.0745 -1.92686,-0.16177 -1.99947,-0.14105 -0.96357,0.27501 1.0899,0.43775 1.06689,0.44995 -0.84783,0.44995 -1.08248,0 -1.87493,-0.14477 -1.761,-0.32173 z m 6.75927,-0.61306 c 0.18988,-0.0947 -1.17411,-0.70217 -3.03107,-1.35005 -5.12769,-1.78897 -8.027069,-2.54479 -14.114277,-3.67934 -0.487813,-0.0909 -1.937045,-0.25464 -3.220509,-0.36383 -2.770702,-0.23571 -3.308148,-0.49844 -1.019603,-0.49844 1.897465,0 5.679163,0.56889 8.915912,1.34123 1.250307,0.29835 2.870034,0.66675 3.599397,0.81868 0.72935,0.15194 1.98628,0.54645 2.79319,0.87669 0.80689,0.33025 1.74464,0.60503 2.08386,0.61064 0.72055,0.0124 5.7565,2.14673 5.09966,2.16185 -0.24344,0.005 -0.66969,0.0652 -0.94721,0.13237 -0.27752,0.0672 -0.34924,0.0448 -0.15935,-0.0499 z m -8.11239,-4.15207 c -1.14612,-0.42264 -1.878762,-0.83435 -1.628104,-0.91491 0.250673,-0.0806 1.257384,0.19392 2.237134,0.60995 3.1806,1.35056 2.12261,0.57567 -2.229587,-1.63299 -7.39417,-3.7524 -14.226728,-6.47927 -18.270884,-7.29189 -2.127818,-0.42755 -4.446034,-1.17759 -3.727898,-1.20612 2.422897,-0.0962 11.07088,2.71054 17.178313,5.57536 6.384766,2.99493 9.949696,5.0195 9.413226,5.34588 -0.65077,0.39592 -0.52838,0.41589 -2.9722,-0.48528 z m -5.61347,-1.27325 c -1.316128,-0.29683 -2.313176,-0.6163 -2.215671,-0.70988 0.278067,-0.26693 4.529915,0.56808 4.951025,0.9723 0.458743,0.44036 0.322631,0.4273 -2.735354,-0.26242 z m -16.55128,-0.10268 c 0.416771,-0.17192 1.525014,-0.30471 2.462749,-0.29511 1.539291,0.0158 1.594524,0.0444 0.568334,0.29511 -0.62517,0.15269 -1.7334,0.2855 -2.462763,0.29511 -1.066386,0.014 -1.177682,-0.0437 -0.56832,-0.29511 z m -0.967163,-0.53824 c 1.700264,-0.75256 8.419249,-1.08172 12.144268,-0.59491 l 2.84163,0.37136 -4.06008,-0.14357 c -3.723602,-0.13169 -8.953788,0.20765 -11.28475,0.73213 -0.632402,0.1423 -0.513116,0.021 0.358932,-0.36501 z m 72.008049,13.20547 c -8.32965,-1.13756 -16.62447,-6.43528 -19.54874,-12.48538 -2.2404,-4.63522 -2.90922,-12.13753 -1.54013,-17.27593 1.43128,-5.37181 5.72054,-11.69743 9.1104,-13.43564 0.90808,-0.46564 1.14443,-0.45484 2.11708,0.0968 1.14744,0.65064 2.0269,0.21732 1.18981,-0.58625 -0.23191,-0.22261 -0.42165,-0.60134 -0.42165,-0.84164 0,-0.82401 3.33103,-2.31198 7.76714,-3.46958 2.6836,-0.70028 10.68461,-0.57692 13.79648,0.21274 8.65412,2.19599 14.86682,8.38299 18.09858,18.02366 0.68353,2.03901 1.40216,3.43003 2.11089,4.08593 1.358,1.25674 2.09695,2.94755 2.4117,5.51833 0.48078,3.92678 -1.3752,7.84727 -5.62888,11.89022 -6.68887,6.35749 -18.72156,9.73371 -29.46268,8.26684 z m 8.71436,-0.67425 c 5.1459,-0.51519 9.10823,-1.58139 13.45041,-3.61935 4.70181,-2.20673 8.45865,-5.58498 10.6378,-9.56576 1.21386,-2.21742 1.40781,-2.90342 1.40342,-4.96395 -0.006,-2.75982 -0.76739,-4.79073 -2.40569,-6.41578 -0.73173,-0.72582 -1.38305,-1.99571 -1.86539,-3.63705 -2.56006,-8.71139 -8.55588,-15.07668 -16.69311,-17.72175 -3.32291,-1.08013 -8.36271,-1.41959 -12.22307,-0.82328 -4.52674,0.69923 -8.83592,2.32427 -8.66285,3.26683 0.24993,1.36122 -0.28601,2.3908 -1.24452,2.3908 -0.5047,0 -1.02301,-0.16366 -1.15181,-0.3637 -0.96745,-1.50265 -5.81106,2.72897 -7.94782,6.94359 -2.20423,4.34773 -2.90475,7.41284 -2.88977,12.64407 0.0156,5.43744 1.4528,9.64556 4.58335,13.41983 3.2071,3.86655 10.99276,7.77567 16.49347,8.28121 1.45357,0.13362 2.71391,0.30913 2.80073,0.39007 0.2444,0.22784 1.79604,0.16653 5.71485,-0.22578 z m -0.99381,-4.68842 c -1.88458,-0.82152 -3.46012,-2.62047 -4.55559,-5.2016 -0.56866,-1.3399 -1.02455,-1.91707 -1.51553,-1.91873 -0.47643,-10e-4 -0.73949,-0.31134 -0.81815,-0.9633 -0.23485,-1.94641 3.73946,-3.42911 4.02484,-1.50155 0.15191,1.02607 2.34613,1.68748 5.59094,1.6853 3.56356,-0.003 5.74098,-0.74252 7.56735,-2.57225 1.07908,-1.08108 1.77276,-1.50639 2.20011,-1.34896 1.16311,0.42844 0.61865,2.86496 -0.92461,4.13776 -0.37386,0.30835 -1.1168,1.61348 -1.65098,2.90029 -1.11308,2.68139 -2.85018,4.41596 -5.05843,5.05106 -2.03428,0.58506 -3.02875,0.53022 -4.85995,-0.26802 z m 4.98777,-0.71412 c 1.94611,-0.84859 3.32088,-2.41872 4.28615,-4.89525 0.41871,-1.07424 1.28444,-2.45537 1.92386,-3.06917 0.63941,-0.6138 1.16257,-1.37408 1.16257,-1.68953 0,-0.88294 -0.52717,-0.68277 -1.23617,0.46939 -1.49538,2.43003 -8.15015,3.66838 -12.57867,2.34067 -1.74961,-0.52455 -2.30537,-0.86632 -2.46514,-1.516 l -0.20627,-0.83877 -1.11045,0.83848 -1.11045,0.83848 0.89409,0.20261 c 0.63963,0.14494 1.0643,0.6656 1.49219,1.82952 1.27873,3.47813 2.36217,4.74433 4.79001,5.59793 1.96389,0.69049 2.34922,0.68045 4.15828,-0.10832 z m -4.68367,-0.65544 c -1.52515,-0.72145 -3.21007,-2.74693 -3.0318,-3.64458 0.17833,-0.89787 1.36566,-0.98469 3.87797,-0.28361 2.21113,0.61704 4.39016,2.06382 4.39016,2.9149 0,0.7461 -1.5409,1.62599 -2.83122,1.61667 -0.6309,-0.004 -1.7132,-0.27607 -2.40511,-0.60338 z m 4.24015,-1.28289 c -0.32658,-0.50726 -4.16368,-2.10619 -5.05442,-2.10619 -0.39854,0 -0.81387,0.13862 -0.92294,0.30806 -0.3011,0.46765 1.79224,2.23419 3.03476,2.56101 1.24646,0.32785 3.30179,-0.205 2.9426,-0.76288 z m -24.13381,-5.73442 c -0.52179,-0.59527 -0.89099,-1.37268 -0.82044,-1.7276 0.0706,-0.3549 0.14134,-0.92964 0.15727,-1.2772 0.0159,-0.34755 0.73509,-1.0598 1.5981,-1.58277 2.60528,-1.57874 6.37834,-1.21959 7.10911,0.67669 0.42277,1.09707 -0.12573,3.08793 -1.13494,4.11908 -0.73913,0.75525 -1.20254,0.87411 -3.40791,0.87411 -2.36634,0 -2.62166,-0.0789 -3.50119,-1.08231 z m 6.64706,-0.70619 c 1.97146,-2.11804 0.98224,-3.96642 -2.26102,-4.22477 -1.16447,-0.0928 -1.98914,-0.01 -1.98914,0.19962 0,0.19696 -0.24337,0.35809 -0.54083,0.35809 -0.69401,0 -2.11136,1.72031 -2.11136,2.56264 0,0.35531 0.54626,1.08728 1.21392,1.62656 1.68279,1.35924 4.14785,1.13297 5.68843,-0.52214 z m 2.16843,-3.92286 c -2.05815,-1.66242 -3.26602,-5.36307 -2.57658,-7.89408 0.59014,-2.1665 2.17582,-3.48864 4.18401,-3.48864 3.00545,0 4.9385,2.69508 4.98551,6.95086 0.0269,2.43653 -0.55486,3.87941 -1.9954,4.94887 -1.07852,0.80069 -3.2715,0.55408 -4.59754,-0.51701 z m 4.43824,-0.60961 c 0.92061,-0.76014 1.06622,-1.17322 1.19705,-3.3958 0.12028,-2.04216 -0.004,-2.81792 -0.643,-4.02055 -0.84897,-1.59745 -2.08204,-2.62935 -3.1419,-2.62935 -3.09045,0 -4.68664,3.95694 -3.00762,7.45593 1.58348,3.29993 3.60325,4.23475 5.59547,2.58977 z m -5.01992,-4.73038 c -0.11084,-0.27718 -0.14807,-1.21827 -0.0828,-2.09131 0.10224,-1.36814 0.2465,-1.60467 1.0446,-1.71281 0.56921,-0.0771 1.11665,0.12481 1.42083,0.52414 0.61994,0.81385 0.6434,2.76842 0.0402,3.34747 -0.61975,0.59494 -2.17527,0.5516 -2.42276,-0.0675 z m 1.8778,-1.13273 c 0.25258,-0.63184 -0.0733,-1.63667 -0.53091,-1.63667 -0.17205,0 -0.42056,0.32587 -0.55224,0.72415 -0.40248,1.21729 0.61772,2.07678 1.08315,0.91252 z m 28.46879,6.72852 c -0.12874,-0.20003 -0.0637,-0.36371 0.14472,-0.36371 0.20839,0 0.48426,0.16368 0.61304,0.36371 0.12874,0.20004 0.0637,0.3637 -0.14472,0.3637 -0.20838,0 -0.48426,-0.16366 -0.61304,-0.3637 z m 2.7285,-0.227 c 1.46171,-0.69188 2.28868,-1.8174 2.39092,-3.25407 0.11385,-1.59995 0.0486,-1.87158 -0.59912,-2.49334 -0.45168,-0.4336 -0.77235,-0.47951 -1.33393,-0.19102 -0.4066,0.20889 -0.8684,0.30321 -1.02622,0.20958 -0.45248,-0.26845 -1.87591,0.93968 -2.51776,2.13696 -0.45886,0.85594 -0.58503,0.93433 -0.58539,0.36371 -0.001,-1.97603 3.81006,-4.05166 5.67779,-3.09215 0.81327,0.41782 1.3424,2.44242 0.99028,3.78913 -0.38675,1.47923 -2.07666,3.12286 -3.20129,3.11363 -1.00748,-0.008 -1.00733,-0.008 0.20472,-0.58243 z m -4.05461,-0.50041 c 0,-0.20004 0.17051,-0.3637 0.3789,-0.3637 0.20838,0 0.37888,0.16366 0.37888,0.3637 0,0.20004 -0.1705,0.3637 -0.37888,0.3637 -0.20839,0 -0.3789,-0.16366 -0.3789,-0.3637 z m 0.0299,-1.30327 c 0.0182,-0.42369 0.10797,-0.50988 0.22891,-0.21974 0.1094,0.26254 0.0959,0.57625 -0.0299,0.69711 -0.12587,0.12083 -0.21546,-0.094 -0.19901,-0.47737 z m -6.39296,-2.26382 c -1.87394,-1.68039 -2.58994,-5.94868 -1.44075,-8.58885 0.67277,-1.54563 2.71524,-2.33225 4.35885,-1.67871 3.01884,1.20033 4.07268,8.97006 1.45536,10.72986 -1.31833,0.88639 -3.07668,0.70052 -4.37346,-0.4623 z m 3.61183,-0.26251 c 1.18436,-0.79633 1.63558,-2.7225 1.21664,-5.19346 -0.43422,-2.561 -1.37628,-3.85144 -2.92006,-3.99991 -2.28473,-0.21973 -3.4949,2.35048 -2.78873,5.92279 0.25773,1.30381 0.68689,2.09274 1.53332,2.81871 1.34799,1.15617 1.80704,1.22628 2.95883,0.45187 z m -3.81612,-4.77805 c -0.42386,-0.40689 -0.28127,-2.49414 0.20207,-2.95813 1.32474,-1.27166 2.96467,0.35449 2.22946,2.21072 -0.27373,0.69111 -0.66171,0.98987 -1.28549,0.98987 -0.4914,0 -1.00711,-0.10915 -1.14604,-0.24246 z m 1.64184,-1.77937 c 0,-0.28825 -0.1705,-0.52409 -0.37888,-0.52409 -0.20839,0 -0.3789,0.33699 -0.3789,0.74887 0,0.41188 0.17051,0.64772 0.3789,0.52409 0.20838,-0.12358 0.37888,-0.46063 0.37888,-0.74887 z m -29.30043,-1.85768 c -0.62199,-0.59707 -0.14162,-2.05549 1.1176,-3.39351 1.26386,-1.34289 1.52285,-1.45587 3.33754,-1.45587 2.20012,0 3.50279,0.65868 3.13286,1.58408 -0.17735,0.44366 -0.72381,0.59814 -2.1159,0.59814 -1.72079,0 -1.98462,0.12097 -3.17403,1.45482 -1.27055,1.42486 -1.79078,1.69931 -2.29807,1.21234 z m 4.99063,-3.48878 c 1.89361,-0.0724 1.67237,-0.63619 -0.24535,-0.62511 -1.38442,0.008 -2.43037,0.59895 -3.4987,1.97669 -0.38481,0.49627 -0.13218,0.40824 0.83443,-0.29072 0.91536,-0.66194 1.90389,-1.02235 2.90962,-1.06086 z m 25.20393,-2.10454 c -0.9947,-0.61175 -1.34789,-0.66253 -2.15443,-0.30977 -1.29877,0.56805 -2.14848,0.21866 -1.8785,-0.77239 0.27844,-1.02208 2.38383,-1.9804 3.67007,-1.67051 1.47004,0.35418 3.4353,2.16373 3.14328,2.89423 -0.32082,0.80254 -1.32875,0.75122 -2.78042,-0.14156 z m 0.80033,-1.03657 c -1.14851,-1.05959 -2.24308,-1.23821 -3.07049,-0.50106 -0.39813,0.35469 -0.55828,0.52215 -0.35591,0.37212 0.56739,-0.42062 1.82247,-0.30127 2.86859,0.27279 1.29252,0.70926 1.44099,0.67097 0.55781,-0.14385 z m -49.05506,31.54332 c -3.28004,-1.29369 -6.167326,-2.57835 -6.441046,-2.86587 -0.10425,-0.10942 -1.12719,-0.65244 -2.27331,-1.20667 -4.96115,-2.39906 -10.36694,-5.49413 -11.67777,-6.6861 -0.27536,-0.2504 -0.65703,-0.45528 -0.84815,-0.45528 -0.3282,0 -1.34219,-0.71347 -2.455242,-1.72759 -0.274444,-0.25005 -0.667443,-0.45463 -0.873351,-0.45463 -0.205908,0 -0.431206,-0.12551 -0.500672,-0.279 -0.06945,-0.15345 -0.978791,-0.93019 -2.020712,-1.7261 -1.041942,-0.79591 -2.170176,-1.73419 -2.507199,-2.08508 -0.337023,-0.35088 -0.763259,-0.64726 -0.947215,-0.65863 -0.376159,-0.0232 -3.191053,-3.2552 -5.97311,-6.85814 -1.552552,-2.01065 -3.233613,-5.01677 -4.797263,-8.57861 -0.175635,-0.40007 -0.434041,-1.46391 -0.574248,-2.36407 -0.140194,-0.90018 -0.422628,-1.94283 -0.627605,-2.31705 -0.204978,-0.3742 -0.227804,-0.59445 -0.05069,-0.48945 0.177081,0.10503 0.3574,-0.60048 0.400718,-1.56776 0.222548,-4.970383 3.660163,-7.558462 9.526833,-7.172453 7.438935,0.489437 16.540436,6.995523 23.784826,17.002273 1.17735,1.62627 5.445276,8.34919 5.445276,8.5775 0,0.0657 0.52536,0.97468 1.16745,2.02006 0.94294,1.53516 3.07323,6.1167 5.64192,12.13393 0.17079,0.40007 0.86444,2.26974 1.54144,4.15483 l 1.23092,3.42741 -0.85456,0.66425 c -1.15775,0.89992 -1.99312,0.8233 -5.31721,-0.48777 z m 4.83712,-0.58694 c 0.0876,-0.2563 -0.0129,-0.41996 -0.22324,-0.3637 -0.21048,0.0562 -1.10472,-0.87972 -1.98724,-2.07994 -1.82049,-2.47591 -2.10811,-2.94085 -5.84961,-9.4563 -2.08399,-3.62903 -2.892186,-4.72814 -3.476706,-4.72814 -0.8757,0 -2.02036,-0.80503 -2.00263,-1.40842 0.007,-0.22556 0.26238,-0.0924 0.56833,0.29589 0.40109,0.50905 0.55964,0.55979 0.56832,0.18186 0.009,-0.37794 0.16725,-0.3272 0.56834,0.18185 0.66525,0.8443 0.73235,0.47269 0.11542,-0.63898 -1.09716,-1.97692 -5.32826,-7.95219 -7.13986,-10.0831 -3.16163,-3.71887 -8.95253,-9.25317 -12.998343,-12.42236 -2.045306,-1.60213 -3.782515,-2.851754 -3.860473,-2.776919 -0.0779,0.07478 1.238456,1.196229 2.925358,2.491999 6.834928,5.25018 12.823188,11.68423 18.676798,20.06716 1.77326,2.53948 2.09409,3.24048 1.13243,2.47434 -0.31258,-0.24901 -0.56834,-0.312 -0.56834,-0.13995 0,0.17206 -1.32135,-0.99999 -2.93635,-2.60452 -3.39478,-3.37282 -5.22879,-4.83832 -9.22263,-7.36958 -5.416419,-3.43287 -12.874228,-6.57361 -14.599608,-6.1484 -0.538707,0.13279 -0.480825,0.18532 0.239288,0.2173 1.537573,0.0683 8.794448,3.06303 11.844815,4.88807 3.160485,1.89092 6.252815,4.1316 8.685225,6.29327 4.82396,4.287 14.057696,15.41123 12.792206,15.41123 -0.22796,0 -0.27871,0.19974 -0.11557,0.45463 0.16012,0.25004 -1.49217,-1.02405 -3.671756,-2.83133 -4.61327,-3.82524 -7.40563,-5.9885 -7.73005,-5.9885 -0.1263,0 -1.29112,-0.64335 -2.58842,-1.42966 -2.41068,-1.46117 -7.13949,-3.43328 -9.178668,-3.82791 -0.625171,-0.12096 0.142055,0.23819 1.704974,0.79814 7.431624,2.6626 15.124324,8.05663 23.103,16.19955 3.57056,3.64405 3.98021,4.55014 0.52414,1.1593 -10.438036,-10.24099 -16.731886,-14.5002 -25.855163,-17.49686 -3.269822,-1.07403 -3.873799,-1.422 -1.939689,-1.11756 l 1.326109,0.20874 -1.136655,-0.50379 c -1.667571,-0.73911 -0.454576,-0.6432 2.481703,0.19623 2.800129,0.80048 6.937609,2.59983 10.232199,4.44986 1.89912,1.06644 8.17503,5.6325 9.801576,7.13122 0.3567,0.32866 1.04176,0.9249 1.52236,1.32498 l 0.87382,0.72741 -0.71042,-1.1227 c -1.48569,-2.34794 -6.201006,-7.8393 -9.761266,-11.36782 -2.8466,-2.82121 -6.75775,-5.8209 -10.840574,-8.31428 -2.676957,-1.63482 -10.200142,-4.83633 -11.364836,-4.83633 -1.281989,0 -4.759844,-0.85847 -4.070075,-1.00465 0.367223,-0.0778 0.580306,-0.27722 0.473521,-0.44309 -0.106827,-0.16587 0.530487,-0.22022 1.416168,-0.12083 7.999499,0.8981 18.076486,6.22434 25.655136,13.5601 3.107,3.00743 3.10961,2.9584 0.0672,-1.26232 -5.37046,-7.45029 -14.066631,-15.97566 -20.681175,-20.274933 -0.845026,-0.549247 -1.313235,-0.999328 -1.040452,-1.00018 0.274415,-8.66e-4 0.376804,-0.186661 0.229207,-0.415908 -0.493985,-0.767262 3.553522,1.641829 6.351432,3.780391 3.647929,2.78827 10.006168,8.78828 12.760438,12.0415 3.19684,3.77596 7.71191,10.41831 10.726316,15.78007 0.59043,1.05018 1.56979,2.79306 2.17636,3.87307 1.19866,2.13423 1.40891,2.47125 3.8273,6.13483 0.89351,1.35358 1.68878,2.39943 1.76726,2.32408 0.0785,-0.0753 -0.62667,-2.11126 -1.56698,-4.52429 C 99.806544,115.0582 88.005904,100.57731 75.732146,96.830723 72.188505,95.74903 70.759277,95.705702 68.584304,96.614067 c -6.60981,2.760571 -5.856331,11.432173 1.864485,21.458033 6.446189,8.37071 16.907115,15.36805 36.087301,24.13891 1.50629,0.68881 3.46278,0.68213 3.70046,-0.0124 z M 68.552971,107.31635 c -0.364674,-0.0914 -0.96142,-0.0914 -1.326094,0 -0.364675,0.0915 -0.0663,0.16633 0.663047,0.16633 0.729349,0 1.027722,-0.0749 0.663047,-0.16633 z m 5.231977,-9.035312 c -0.404513,-0.293689 -0.905973,-0.533988 -1.114359,-0.533988 -0.208385,0 -0.04797,0.240299 0.356584,0.533988 0.404499,0.293703 0.905959,0.533988 1.114344,0.533988 0.208386,0 0.04797,-0.240285 -0.356569,-0.533988 z m 38.532192,42.261832 c -0.33333,-0.70226 -0.2948,-0.8496 0.22335,-0.85425 0.67667,-0.005 1.1794,0.52188 1.18868,1.24827 0.01,0.77723 -0.98831,0.49869 -1.41203,-0.39402 z m 3.35627,-45.068958 c -1.1973,-2.694547 -1.66083,-5.299702 -1.47912,-8.312943 0.14653,-2.429876 0.40089,-3.308003 1.63321,-5.638617 1.17877,-2.229304 1.82777,-2.998477 3.37264,-3.997164 2.76832,-1.789599 5.52248,-1.635514 5.52248,0.308967 0,1.289525 -1.1629,2.814497 -3.30431,4.333063 -2.61311,1.853068 -3.64196,2.932591 -4.6457,4.874488 -0.90829,1.757215 -0.99461,4.568853 -0.22544,7.342428 0.34121,1.230347 0.38414,1.824294 0.12058,1.66793 -0.25962,-0.154024 -0.32086,-0.02144 -0.1674,0.362366 0.52596,1.315726 -0.18237,0.510097 -0.82693,-0.940518 z m 0.59369,-0.340977 c -0.121,-0.290143 -0.21073,-0.203953 -0.2289,0.219735 -0.0165,0.383411 0.073,0.598221 0.19899,0.477367 0.12587,-0.12083 0.13933,-0.434548 0.0299,-0.697102 z m 0.27894,-9.552707 c 0.55124,-0.902924 2.19196,-2.552891 3.64606,-3.666615 1.4541,-1.113711 2.92414,-2.435609 3.26675,-2.937554 0.56292,-0.824695 0.5663,-0.96701 0.0351,-1.476923 -1.35479,-1.300506 -5.41719,1.440124 -7.10981,4.7965 -0.83195,1.649733 -1.52754,5.204935 -1.45762,7.449937 0.0316,1.014421 0.0984,0.887405 0.32846,-0.625346 0.15885,-1.044085 0.73983,-2.637074 1.29107,-3.539999 z m 1.92499,-4.563547 c 0.12874,-0.200036 0.30936,-0.363699 0.40125,-0.363699 0.0919,0 0.16708,0.163663 0.16708,0.363699 0,0.200036 -0.18056,0.363699 -0.40124,0.363699 -0.22069,0 -0.29588,-0.163663 -0.16709,-0.363699 z m 1.22507,-0.772541 c 0.257,-0.24856 0.56273,-0.360304 0.67938,-0.248327 0.11671,0.112032 -0.0936,0.315354 -0.46729,0.451923 -0.53999,0.197383 -0.58351,0.155608 -0.21209,-0.203596 z m 24.95019,8.460358 c -0.16015,-0.248766 -0.0901,-0.389405 0.16548,-0.331822 0.2439,0.05499 0.59764,-0.309236 0.78606,-0.809326 0.32459,-0.861521 0.31274,-0.872188 -0.22586,-0.203266 -0.74942,0.930775 -0.72289,0.455181 0.0556,-0.996826 1.35422,-2.525729 4.30671,-6.346757 6.2424,-8.078747 4.06695,-3.638956 9.68541,-5.381795 11.70199,-3.629943 1.0246,0.8901 0.85187,2.266814 -0.39608,3.156947 -0.52871,0.377115 -2.57907,1.002915 -4.55638,1.39067 -4.48707,0.879927 -7.27406,2.295465 -9.86764,5.011855 -1.09036,1.141986 -2.10655,2.041021 -2.25823,1.997858 -0.15168,-0.04316 -0.19672,0.21172 -0.1001,0.566429 0.22543,0.827485 -1.15126,2.541276 -1.5473,1.926171 z m 3.23665,-4.687264 c 0.47127,-0.576849 0.45788,-0.589715 -0.14306,-0.137325 -0.63113,0.475127 -0.83184,0.773792 -0.51999,0.773792 0.0786,0 0.37705,-0.286417 0.66305,-0.63648 z m 4.93108,-4.028693 c 0.92526,-0.429956 2.86875,-1.043466 4.31887,-1.363343 5.48845,-1.210687 6.88202,-2.028264 5.58289,-3.27534 -0.84057,-0.806897 -3.57541,-0.537613 -5.9108,0.582003 -2.01536,0.966194 -5.72032,3.906007 -7.32497,5.812232 l -1.07158,1.272962 1.36165,-1.123375 c 0.74891,-0.617854 2.11869,-1.475168 3.04394,-1.905139 z M 91.278164,206.63846 c -0.12587,-0.12083 -0.4527,-0.13375 -0.7262,-0.0287 -0.30225,0.11616 -0.21246,0.20228 0.22891,0.21974 0.39942,0.0158 0.62318,-0.0702 0.49729,-0.19103 z m 8.71434,0 c -0.12587,-0.12083 -0.45269,-0.13375 -0.7262,-0.0287 -0.30224,0.11616 -0.21247,0.20228 0.22892,0.21974 0.3994,0.0158 0.623176,-0.0702 0.49728,-0.19103 z m 15.685216,-6.236 c 0.47128,-0.57685 0.45788,-0.58971 -0.14306,-0.13732 -0.36468,0.27454 -0.66305,0.56095 -0.66305,0.63648 0,0.29934 0.31113,0.10667 0.80609,-0.49917 z m 12.59324,-13.18425 c 1.0186,-1.44592 1.11596,-1.68042 0.35126,-0.84599 -0.58188,0.63491 -1.38056,1.69874 -1.77484,2.36407 -0.97377,1.64316 -0.289,0.91292 1.42358,-1.51808 z m 5.36548,-10.47718 c -0.1167,-0.11203 -0.42237,-2.3e-4 -0.67938,0.24833 -0.37141,0.3592 -0.32789,0.40098 0.21209,0.2036 0.37367,-0.13664 0.58396,-0.33995 0.46729,-0.45193 z m 11.16709,-10.87523 c 0,-0.2731 -0.34018,0.0157 -1.91026,1.62147 l -1.68915,1.72759 1.7997,-1.62147 c 0.98983,-0.89181 1.79971,-1.66923 1.79971,-1.72759 z m -44.80314,-13.81388 c -0.364676,-0.0915 -0.961416,-0.0915 -1.326096,0 -0.36467,0.0914 -0.0663,0.16633 0.66305,0.16633 0.729366,0 1.027736,-0.0749 0.663046,-0.16633 z"
       id="path1" /></g></svg>
